# Access density (for plotting)
25085
20830
6143
7135
3031
3276
1589
879
2535
548
63
841
1148
5001
1243
351
653
2191
273
1795
23750
16087
1484
20775
33643
21626
2014
18430
4153
7797
3556
587
1927
2284
6967
357
373
1873
781
883
307
3995
1792
135
185
19529
25659
3931
4038
0
0
0
0
0
0
0
0
0
0
0
0
0
15176
25425
13700
3217
10794
10997
29492
5417
10782
21949
2595
8917
2869
101
117
14222
15777
3363
10815
11925
26765
7775
8644
14268
24924
0
0
0
0
0
16634
1404
12651
27437
8072
5645
15980
22700
3103
7956
2216
5134
9360
23176
14629
1408
25234
23986
1305
2641
0
0
0
0
0
0
0
0
0
0
17143
11770
4930
2843
24251
22973
1855
15809
19615
1303
19084
11910
2693
16819
24688
3938
14101
25817
7598
3612
0
0
0
0
0
0
0
0
0
0
16356
17345
1983
9886
15529
14493
15387
14718
15074
15164
14925
14360
15327
14930
15013
14505
15135
15228
14490
16258
14475
15050
15261
14769
14814
15716
17180
16305
23782
12294
4967
19994
22793
1285
15290
22490
15985
17971
19277
19469
19452
19438
19495
19288
19444
19623
19267
19483
19466
19247
19644
19456
19369
19375
19453
19630
19255
19421
19495
19480
19991
19284
56936
24913
14980
15021
14994
15036
15019
15004
15023
15018
15041
14992
15013
15020
15005
15030
14920
15030
15001
15032
15077
15610
15386
15366
15357
15322
15278
15357
27613
16781
1265
21116
12759
1990
12882
15045
15363
15365
15336
15360
15355
15380
10647
3858
3521
4016
5569
4906
5665
5247
6840
5772
6053
6348
6370
6853
6772
6651
7337
7521
6875
7044
7000
7360
8007
7657
7690
7671
7977
7624
8065
7708
7743
8310
7914
8207
7991
7968
8475
8064
8230
8034
7912
8772
8437
8346
8409
8440
10949
8668
8435
8636
8942
9148
8690
8979
8575
8594
9607
8684
8593
8908
8779
9134
8660
8854
8804
8602
9525
8969
8943
9084
9090
9292
9051
9066
8746
9122
9272
9020
8481
8582
8122
8544
9282
8503
8714
8544
8668
9024
8730
8397
8487
8725
9160
8663
8665
8663
8579
8734
9152
8753
8657
8698
8740
9557
8823
9022
9066
8827
9394
8648
8807
9010
9066
9184
9640
8912
9048
8934
8995
9213
9239
9009
8726
9202
9329
8922
8951
8977
8986
8962
9833
8785
9437
8789
9028
9508
9092
8782
8925
9226
9240
9508
9504
8929
9139
9424
9778
9369
8983
9258
9062
9449
9256
9157
9217
9239
8958
9662
9180
9261
9218
9084
9761
9074
8958
9652
9531
8992
9863
9173
9442
9567
9356
9714
9391
9476
9430
9170
9841
9428
9515
9445
9676
9570
9777
9956
9643
9632
9252
9875
9488
9781
9516
9266
9121
10414
9600
9216
9985
9580
9841
9652
9399
9609
9509
9666
10559
9691
9291
9897
9414
10383
9811
9567
9677
9860
9435
10347
9817
9670
9763
9652
10187
9651
9895
9697
9989
9999
10201
9576
9323
9638
9849
10193
9708
9628
9855
9384
10480
9851
9683
10062
9806
9985
10249
9873
10019
9901
10093
10219
9944
9861
9799
9895
10395
9920
10341
9822
10054
10121
10130
10291
9937
10227
10096
10977
10320
10212
10267
10134
10428
10695
10376
10287
10232
10269
10734
10340
10549
9989
9984
9973
10913
9913
10338
10650
9976
10902
10211
9797
10207
10539
10521
10605
10251
10397
9799
10121
10573
10129
10042
10259
10551
10884
10476
10359
10361
10055
10428
10873
10230
10126
10348
10076
10818
10392
10487
10430
10549
10481
10565
10309
10312
10448
10315
10997
10460
10271
10551
10466
11060
10271
10490
10275
10339
11189
10439
10409
10304
10541
10236
10757
10145
10589
10454
10383
11108
10581
10676
10375
10640
11151
10733
10646
10770
10407
10470
10869
10681
10368
10597
10523
11170
10897
10861
10841
10999
11141
10652
10893
10922
10852
10921
11039
10565
11153
10648
10963
11249
10889
10669
10912
10841
10856
10896
10716
10663
10619
11071
11233
10812
10524
11034
10349
11659
10752
10816
10804
11025
11159
10888
10724
10784
10612
10554
11241
10753
10898
10645
10450
11301
10620
10473
10839
10990
11055
10579
10931
10879
10594
11401
10649
11129
10776
10407
11277
10870
11021
10904
10764
10703
11105
10813
10601
11184
10869
11437
10675
10507
10754
10759
11194
10966
11115
11110
10609
11191
10696
11098
10579
10634
11106
10834
10894
10862
10973
10962
11330
10929
11177
10846
11070
11209
11142
10953
11356
11497
11572
10913
11138
10931
11045
11600
11089
11212
11041
10800
11867
11153
11195
11142
11211
11245
11144
11146
11240
11209
11527
11071
10954
11106
11070
10859
11568
11021
11428
10865
11018
11611
11068
11096
11054
10982
11690
10891
10993
11582
11328
11645
11568
11239
11456
11042
11531
11224
11215
11059
11297
11741
11013
11172
11323
11164
11650
11475
11668
11182
11271
10990
11754
11366
11454
11180
11576
11729
11233
11374
11223
11338
11736
11329
10969
11595
11469
11726
11252
11293
11343
11421
12076
11225
11071
10974
11321
11828
11344
11309
11105
11286
11932
11383
11065
11425
11898
11825
11293
11763
11350
11380
11995
11416
11386
11398
11255
11994
11249
11122
11279
10891
11731
11526
11553
11667
11392
12164
12106
15475
12128
11401
11692
11710
11713
11330
11307
11676
12297
11834
11392
11540
11524
12301
11604
11643
11359
11292
12029
11626
11349
11694
11395
12059
11718
11608
11491
12181
12354
11761
11648
11260
11403
12150
12010
11653
11623
11535
11622
12112
11621
11440
11505
11463
12497
11469
11644
11941
11564
11935
11581
11509
11683
11728
12677
11853
11734
11715
11564
12357
11655
11592
11735
11413
12615
11296
11615
11594
11145
12193
11916
11607
11381
11930
12356
11597
11704
11446
11578
12379
11819
11496
11558
11823
12345
11702
11818
11530
12015
12341
11289
11881
11595
11808
12509
11492
11557
11819
11771
12154
11495
11852
11262
10722
5091
12224
8430
7968
11507
6414
11732
11881
12050
11759
11668
12380
12272
11815
11585
11872
11726
12305
11916
11622
11598
12179
12309
12207
11557
12022
11753
12295
12140
11676
11808
12248
12685
11915
11719
11869
11741
12247
11901
11664
12076
12248
12774
11917
11718
11638
11740
12492
11651
11856
12046
11694
13041
11705
12035
11928
11649
12538
11959
11803
11717
11847
13253
11729
11873
11796
11745
12203
11837
12255
11749
11746
13188
11909
12275
11844
11705
12728
11800
11676
11897
12167
12398
12601
11952
11587
11600
12323
11988
12066
12120
12615
12044
12614
11943
11946
12440
12222
12178
11948
11697
12665
12190
11838
12737
12252
12585
11954
11948
12054
11853
12406
11918
11976
12768
12158
12380
11760
12093
11938
12088
12418
12251
12047
12087
12866
12518
12131
12053
11880
12089
12396
11718
12257
12090
13090
12752
12134
11840
11885
11964
12368
11893
12174
12206
11914
13699
12023
11949
11785
12133
12717
11896
12020
12264
12023
12542
12821
11791
12138
12001
12802
11889
12009
12174
11974
12519
12004
13533
11945
12206
12674
12097
12188
11969
12847
12031
12059
12268
13161
12396
12148
12082
12195
12045
12737
12455
12280
12106
13094
13027
12437
12058
12281
12229
12640
12207
12032
11921
12156
13340
12296
12113
12432
11995
12840
12018
11899
12203
12038
12814
12152
13567
12262
12260
12693
12287
12328
11879
12039
12931
12223
12098
13520
12125
12774
12018
12129
11938
12685
12329
12051
12121
12177
13796
12341
12188
12325
12076
12885
12629
11985
12308
12175
12811
13724
12021
12148
12216
12853
12145
12344
12303
12418
12847
12540
13611
12578
12528
12838
12357
12240
12202
12500
12965
12207
12210
12132
14196
12153
12332
12097
12251
12669
12427
12442
12384
12006
12562
13937
12382
12216
12319
12694
12425
12490
12241
12280
12724
12564
13222
12814
12303
13034
12279
12531
12143
12183
12789
12433
12412
12456
13534
13213
12320
12546
12532
12450
13021
12358
12385
12319
12840
13610
12875
12322
12437
12732
12617
12381
12186
12349
12989
12387
12228
14319
12664
12741
12601
12111
12549
12360
12744
12163
12531
12312
12080
14808
12219
12479
12510
12227
13051
12532
12393
12338
12908
12346
13634
12776
12371
12997
12425
12195
12397
12321
13001
12392
12199
12233
14074
13264
12411
12175
12371
12238
12625
12372
12259
12326
12563
13319
14178
12410
12475
12342
12841
12234
12435
12282
12100
12965
12303
13667
12805
12605
12875
12067
12442
12395
12824
12285
12091
12218
12723
13907
13209
12449
12247
12524
13215
12479
12470
12609
12486
13057
12350
13849
13011
12119
13066
12487
12324
12471
12800
12769
12367
12739
12333
14696
12781
12300
12539
12574
13009
12673
12585
12533
12483
12958
12654
14029
12607
12249
12971
12438
12753
12705
12215
13232
12612
12508
12410
14830
12723
12343
12762
12347
12857
12412
12409
12430
12516
12699
12383
13891
12948
12446
12931
12549
12267
12481
12347
13163
12402
12753
12597
12323
15263
12181
12279
12419
12924
12664
12501
12361
12191
12944
12448
12418
14077
12461
13069
12581
12730
12559
12288
13230
12440
12624
12595
12394
14323
12962
12543
12607
12664
12546
12420
12502
12377
12932
12715
12657
12343
14475
13110
12452
12646
12321
12616
13147
12620
12181
12625
12599
13017
14443
12671
12433
12602
12848
12401
12630
12575
12360
13366
12384
12570
14610
13506
12576
12596
12280
12578
13231
12483
12350
12596
12511
13212
12901
14256
12513
12502
12927
12414
12661
12582
12556
12986
12398
12386
12800
14931
12907
12287
12523
12366
12632
12634
12693
12618
12447
13136
12777
14258
12927
12742
13138
12499
12658
12521
12734
13327
12460
12478
12679
13009
14616
12819
12626
12440
13203
12798
12485
12472
12611
13067
12643
12457
13639
13645
13264
12598
12872
12457
13166
12777
12370
12760
12880
13377
12837
14511
13414
12776
13200
12629
12522
12326
12740
13358
12554
12646
12651
12655
15340
12896
12496
12484
13067
12462
12610
12525
12740
12993
12902
12651
12626
14736
13008
12713
12732
12453
12689
13019
12684
12629
12615
12717
13319
12342
15282
12649
12856
12788
12479
12551
12411
13159
12587
12496
12459
12542
13904
14349
12846
12624
12417
13095
12635
12670
12471
12654
13102
12818
12654
12333
15703
12608
12864
12515
12705
13159
12694
12646
12578
12311
13345
12736
13039
14787
12662
13330
12680
12742
12448
13179
13075
12402
12534
12518
13254
13768
13869
12806
12553
13306
12830
12526
12634
12681
13433
12550
12477
12570
13015
15131
12940
12709
12553
13394
12770
12781
12633
12886
13324
12762
12627
12494
14690
13390
12499
12649
12506
12547
13167
12661
12600
12436
13332
12736
12642
14408
13401
13276
12732
12307
12760
12591
13479
12326
12697
12731
12555
13209
14313
13361
12959
12626
13236
12537
12569
12690
13277
12746
12826
12407
12644
13101
14654
13018
12335
12861
13058
12703
12768
12723
12512
13362
12305
12868
12830
15366
13337
12702
12491
12577
13406
12667
12681
12641
12761
13446
12735
12874
14563
13299
13421
12676
12609
12623
13306
12713
12723
12921
12465
13267
12800
14433
13457
12667
13403
12951
12912
12531
12808
13426
12550
12897
12402
13177
12734
15348
13122
12587
13270
12733
12919
12896
12666
13253
12655
12786
12817
12944
15949
13210
12707
12799
12916
12833
12883
12536
12777
13181
12866
12768
12424
15288
13606
12938
12580
13053
12612
13478
12790
12637
12622
13401
12741
12615
12667
15220
13597
12912
12653
12572
12797
13255
12746
12847
12675
12784
13098
12925
15029
12960
12662
13266
12606
13136
12862
13413
12674
12714
12775
12923
13378
14627
13793
12981
12734
13438
13230
12870
13215
13325
13020
12670
13038
12552
13215
15624
13201
12543
12519
13391
12635
12879
12568
12741
13340
12566
12859
12914
13256
15468
13173
12584
12681
13007
12703
12612
12893
12579
13420
12614
12909
12638
15148
13722
12997
12555
12891
12735
13377
12719
12730
12682
13594
12658
12875
12689
15755
13752
12943
12554
12858
12487
13498
12793
12667
12914
13111
12870
12708
15204
13500
13629
12800
12933
12621
12792
13412
12606
12767
12620
12726
13110
12964
15171
13149
13163
13083
12606
12886
12646
13388
12725
12870
12551
12584
13344
14780
13993
12824
13039
13041
12825
12683
12863
13058
12905
12917
12779
12690
13229
14482
13721
12994
12644
13399
12635
12764
12595
12827
13739
12714
12656
12778
13437
15334
13202
12849
12883
13459
13000
13083
12760
12803
13592
12810
12981
12651
14259
14520
13240
12894
12750
13502
12865
12826
12692
12971
13675
12882
12758
12436
15038
14245
12987
12961
12884
13323
12927
12788
12940
12597
13455
12850
12618
12626
15349
13857
13025
12997
12709
13026
13387
12808
12706
12960
13068
12834
12598
14270
14143
13894
13206
12815
13103
12752
13732
12977
13076
12881
13042
13403
12931
14727
13724
13858
13199
12750
13109
12720
13508
13066
12491
12845
12687
13248
12959
15254
13489
13415
13092
13044
13057
12861
13521
12648
12836
12942
12726
13751
12845
15141
13535
13429
13506
12915
12819
12873
13320
13250
12771
12822
12758
13399
13192
15420
13145
13159
13453
12781
12938
12501
13337
12861
12735
12631
13012
13258
14707
13786
13307
12949
13025
12988
12804
12721
13270
12872
12614
13043
12808
13483
14920
14103
13411
13151
13749
12758
13074
12793
12855
13616
12714
12911
12666
13594
15476
13518
13009
13209
13850
12981
12935
12757
13003
13499
13129
13097
13051
13336
15619
13364
13147
13109
13679
12989
12927
13222
12829
13587
12950
13044
12797
13578
15996
13206
13104
13349
13634
12673
12957
12927
12991
13359
12845
12829
13067
13226
15919
13179
13103
12990
13561
12782
12988
12719
12827
13587
12957
12756
12896
13077
16322
12985
13083
13278
13547
12918
12947
12674
12808
13847
12712
13011
12774
13043
16135
13408
12973
13076
12889
13541
12770
13065
12944
13806
12647
12751
12940
12987
15772
13500
13217
13139
13037
13851
13049
13052
12979
13292
13148
12850
12774
13155
16154
13193
13220
12883
12962
13576
12903
13036
12756
13311
13208
12987
12950
12998
16236
13351
13008
13308
13000
13283
12694
13046
12993
12950
13650
13121
12833
13066
16421
13281
13093
13102
13154
13581
12725
13161
12849
12915
13245
13088
12788
12555
15768
13467
13435
13281
12944
13608
12894
12956
12938
12967
14043
12801
13033
12904
15352
14010
13462
12957
13151
13316
13211
12767
12801
13091
13369
12997
12717
13095
14577
14499
13067
13153
12962
13888
13084
13072
12923
13051
13502
12932
13195
12884
14798
14729
13110
13122
13178
13816
12991
12777
12992
12946
13271
12850
12983
12894
14795
14839
13371
13214
13189
13572
13040
12939
13032
12691
13634
12817
12698
12969
13046
16474
13129
13233
13276
13259
13090
13059
12955
13050
13527
13085
12866
12892
12791
16361
13165
13313
13120
13458
12812
13096
13074
12860
13725
12926
12943
13191
12918
16481
13485
13524
13382
13664
12922
13057
12970
13092
13063
13056
13229
16454
12896
12757
12811
12825
12945
12793
12741
12983
12813
12993
12986
12833
12974
12953
12944
12974
12847
12742
13127
12615
12622
12705
12668
12764
12780
12784
12783
12569
12696
12769
12768
12860
12800
12911
12836
12799
12751
12746
12775
12611
12634
12629
12636
12636
12696
12692
12694
12699
12945
12750
12627
12619
12787
12800
12876
12820
12667
12596
12765
12659
12590
12731
12713
12733
12749
12729
12648
12698
12712
12715
12697
12793
12663
12700
12850
12759
12702
12650
12934
12673
12569
12647
12635
12752
12765
12742
12684
12622
12721
12667
12728
12722
12687
12784
12832
12729
12847
12678
12723
12690
12630
12597
12653
12758
12800
12738
12675
12833
12877
12759
12579
12695
12641
12685
12665
12742
12711
12772
12778
12569
12704
12531
12697
12565
12684
12713
12831
12660
12738
12721
12750
12476
12698
12700
12826
12757
12732
12664
13138
12689
12571
12622
12664
12688
12662
12637
12605
12657
12650
12693
12610
12635
12737
12649
12581
12707
12761
12655
12758
12598
12713
12534
12738
12713
12700
12779
12802
12711
13006
12621
12615
12738
12592
12647
12619
12810
12727
12792
12676
12723
12576
12656
12567
12667
12769
12705
12700
12732
12750
12701
12588
12583
12629
12588
12641
12727
12755
12731
12981
12603
12678
12640
12546
12671
12706
12685
12668
12717
12758
12746
12700
12620
12460
12666
12671
12684
12600
12612
12608
12548
12682
12729
12604
12607
12603
12801
12726
12612
12993
12539
12584
12596
12590
12645
12701
12621
12582
12689
12730
12674
12573
12496
12667
12565
12580
12782
12726
12687
12701
12684
12694
12641
12545
12770
12691
12652
12717
12685
12892
12580
12652
12583
12607
12583
12532
12720
12619
12749
12611
12742
12628
12638
12713
12588
12561
12688
12771
12801
12676
12551
12581
12639
12617
12432
12590
12717
12620
12607
12946
12620
12621
12691
12588
12624
12644
12665
12629
12649
12506
12669
12634
12553
12500
12536
12737
12673
12674
12732
12750
12709
12631
12586
12591
12608
12645
12641
12643
12639
12890
12614
12617
12648
12619
12525
12741
12584
12679
12596
12739
12630
12626
12677
12483
12485
12521
12461
12734
12671
12597
12490
12662
12590
12544
12515
12490
12667
12711
12641
12977
12613
12621
12866
12611
12576
12669
12674
12596
12479
12801
12638
12659
12553
12521
12549
12480
12648
12676
12566
12735
12634
12756
12553
12724
12591
12498
12667
12696
12626
12800
12652
12578
12634
12592
12487
12591
12615
12654
12649
12656
12680
12627
12549
12647
12520
12516
12565
12717
12567
12677
12666
12652
12628
12608
12400
12529
12876
12694
12786
13066
12609
12835
12758
12613
12701
12672
12821
12658
12699
12656
12574
12641
12632
12614
12459
12618
12752
12630
12680
12448
12632
12254
12580
12507
12564
12495
12748
12619
12592
12931
12273
12321
12658
12581
12618
12533
12521
12580
12675
12628
12650
12558
12656
12574
12635
12606
12580
12679
12730
12691
12638
12640
12613
12579
12584
12536
12679
12697
12757
12951
12730
12644
12799
12716
12543
12546
12636
12462
12580
12681
12673
12717
12655
12598
12609
12575
12684
12655
12729
12660
12704
12382
12818
12675
12702
12678
12679
12663
12832
12983
12672
12751
12683
12668
12589
12642
12612
12720
12792
12804
12658
12722
12680
12641
12721
12683
12748
12657
12619
12645
12696
12687
12776
12569
12665
12725
12728
12864
12823
13004
12653
12778
12708
12697
12780
12730
12706
12809
12754
12874
12721
12663
12692
12732
12715
12678
12659
12711
12770
12801
12857
12787
12748
12836
12787
12714
12673
12803
12627
13207
12651
12770
12700
12797
12588
12728
12704
12678
12806
12861
12870
12779
12797
12775
12738
12703
12816
13005
12754
12765
12793
12801
12770
12723
12650
12754
12864
12723
12746
12979
12793
12896
12800
12755
12788
12658
12637
12692
12819
12854
12755
12861
12825
12811
12683
12767
12696
12695
12733
12810
12808
12844
12726
12850
12758
12668
12741
12750
12785
13029
12830
12774
12726
12745
12720
12756
12704
12858
12755
12825
12797
12790
12831
12756
12684
12867
12822
12707
12734
12683
12748
12718
12784
12754
12906
12605
12653
12882
12658
12992
12822
12792
12755
12809
12858
12659
12811
12749
12813
12778
12830
12921
12746
12766
12717
12628
12760
12733
12803
12733
12843
12783
12751
12728
12681
12815
12666
12742
12870
13092
12675
12718
12756
12880
12740
12730
12658
12731
12829
12899
12898
12771
12740
12720
12852
12763
12727
12880
12703
12684
12788
12807
12832
12738
12784
12828
12655
12592
12798
13013
12718
12822
12726
12771
12797
12748
12805
12725
12674
12796
12831
12814
12734
12866
12795
12620
12843
12764
12786
12788
12824
12862
12866
12755
12807
12716
12657
12766
12728
13021
12775
12703
12792
12770
12721
12797
12712
12669
12765
12677
12826
12820
12785
12774
12874
12698
12722
12644
12700
12953
12791
12838
12842
12858
12783
12769
12757
12762
12630
13146
12763
12736
12899
12907
12861
12777
12802
12680
12872
12783
12797
12810
12848
12812
12749
12868
12718
12707
12702
12718
12753
12827
12887
12759
12936
12854
12765
12673
12779
12986
12588
12813
12860
12747
12821
12782
12781
12780
12708
12755
12771
12814
12724
12793
12776
12690
12652
12692
12738
12794
12786
12759
12775
12810
12825
12757
12709
12694
12605
13005
12676
12888
12742
12772
12817
12742
12798
12667
12738
12704
12705
12831
12666
12790
12886
12796
12618
12721
12713
12738
12720
12831
12724
12799
12788
12787
12805
12808
12668
13071
12709
12848
12826
12713
12839
12673
12858
12853
12632
12690
12801
12850
12896
12692
12864
12738
12795
12737
12745
12765
12912
12906
12861
12874
12777
12926
12812
12718
12601
12889
12696
12785
12812
12754
12713
12765
12642
12782
12736
12795
12707
12857
12812
12674
12911
12594
12729
12768
12745
13029
16999
17113
17231
17059
17168
17203
17293
17279
17143
17459
17396
17466
17485
17459
17350
17450
17534
17497
17454
17380
17388
17543
17704
17514
17529
17347
17473
17279
17315
17456
17401
17452
17472
17669
17392
17480
17354
17347
17284
17447
17444
17604
17626
17492
17549
17397
17393
17468
17350
17421
17460
17688
17459
17513
17406
17614
17505
17387
17170
17278
17346
17453
17568
17553
17476
17503
17413
17288
17235
17464
17431
17516
17614
17469
17499
17484
17401
17556
17344
17265
17301
17498
17528
17603
17500
17495
17500
17459
17343
17341
17361
17498
17680
17567
17437
17467
17471
17409
17438
17346
17443
17536
17534
17574
17416
17501
17484
17385
17340
17229
17337
17639
17469
17597
17692
17573
17366
17553
17327
17430
17401
17573
17612
17521
17523
17464
17418
17497
17451
17484
17355
17476
17540
17544
17600
17519
17481
17512
17463
17276
17333
17535
17628
17587
17393
17554
17521
17456
17358
17391
17471
17488
17588
17589
17508
17603
17440
17511
17592
17364
17241
17464
17512
17601
17408
17598
17486
17422
17314
17356
17296
17407
17433
17611
17489
17458
17548
17388
17461
17325
17308
17443
17539
17669
17497
17639
17495
17561
17517
17419
17314
17435
17560
17607
17588
17522
17593
17399
17551
17290
17410
17445
17443
17707
17497
17492
17551
17424
17461
17284
17315
17394
17524
17667
17496
17551
17488
17494
17427
17585
17251
17532
17495
17559
17642
17505
17679
17547
17392
17420
17324
17409
17511
17726
17614
17481
17592
17451
17364
17394
17345
17389
17506
17637
17683
17532
17495
17534
17362
17530
17290
17355
17499
17651
17671
17521
17587
17547
17472
17375
17210
17379
17420
17585
17567
17721
17628
17550
17609
17210
17130
17263
17448
17628
17535
17594
17697
17551
17466
17489
17295
17120
17418
17536
17553
17560
17538
17778
17638
17757
17448
17218
17459
17333
17567
17329
17549
17530
17664
17623
17588
17587
17505
17668
17489
17435
17575
17469
18665
19800
18808
17138
17354
17467
18009
18429
17122
17008
17182
17033
17030
17049
16984
17210
17059
17193
17240
17060
17045
16973
17181
16897
16826
16809
16626
16757
17027
16724
17127
16980
16759
16703
16758
16845
16872
17017
17029
16582
16786
16988
16937
16844
16767
16952
16879
16869
16908
16975
16930
17051
16995
17021
67036
62909
48486
45960
47374
47695
48783
48191
49853
51590
52348
52830
61820
64788
49059
48134
49550
54065
53520
48008
46104
48585
52536
53756
52733
53711
53299
53724
53697
54376
54198
54554
63436
61733
60023
33277
21085
21294
21219
20877
21060
20967
21247
21049
21183
21004
21024
21134
21037
20987
20980
21079
21056
21054
20902
21131
21094
21018
21275
20872
20885
20925
20975
21011
21047
20865
21054
20728
20888
20796
20926
20911
20839
20663
20913
20953
20761
20820
20931
20700
20607
20777
20453
20743
20778
20671
20712
20862
20690
20770
20543
20557
20490
20644
20340
20527
20580
20610
20752
20528
20206
20381
20123
20467
20482
20458
20423
20449
20375
20271
20149
20348
20192
20175
20159
20067
20188
20135
20017
19897
19755
19624
19739
19664
19636
19332
48330
49203
49853
39395
6479
8655
8040
8436
14876
21417
32431
20495
6234
8700
29658
17785
1571
13036
32347
3108
# Working set size: 0.000256 MB
